123 235
125 266
130 297
135 328
145 357
164 382
189 401
217 416
248 420
279 416
307 401
331 381
348 357
354 327
357 297
364 268
368 238
144 198
163 191
184 192
205 196
225 203
273 206
294 199
315 196
336 199
352 210
250 230
251 249
252 268
253 287
228 301
240 305
252 308
263 306
272 303
166 232
181 226
198 227
214 237
196 238
180 237
280 240
295 231
313 231
329 239
313 243
296 243
189 331
213 325
234 323
248 326
261 324
280 327
301 335
281 354
262 361
247 362
233 360
211 351
196 333
233 333
248 335
261 334
292 337
261 346
247 347
233 345
