133 237
135 270
140 302
147 334
159 364
182 387
212 404
244 416
275 420
303 415
327 397
346 375
359 351
366 324
373 296
379 270
380 242
168 200
190 192
213 191
235 196
257 203
304 207
322 200
341 196
359 199
372 211
282 230
284 248
287 266
289 285
261 302
273 304
284 307
294 305
302 302
192 232
207 226
224 227
240 237
223 239
206 238
305 240
320 230
337 231
351 238
337 243
321 243
215 333
243 326
267 323
280 326
292 323
309 327
326 335
310 354
294 361
280 362
266 361
242 352
222 334
267 334
280 335
292 334
318 337
293 344
280 345
267 344
