9.191181182861328125e+01 2.385704345703125000e+02
8.654774475097656250e+01 2.849005432128906250e+02
9.505901336669921875e+01 3.294814758300781250e+02
1.103838958740234375e+02 3.668707580566406250e+02
1.373546600341796875e+02 3.998375549316406250e+02
1.748883514404296875e+02 4.215370483398437500e+02
2.150173034667968750e+02 4.380541381835937500e+02
2.531369628906250000e+02 4.494338073730468750e+02
3.052401428222656250e+02 4.639509887695312500e+02
3.469716186523437500e+02 4.415454406738281250e+02
3.903228149414062500e+02 4.230856018066406250e+02
4.272231750488281250e+02 3.981633605957031250e+02
4.533568420410156250e+02 3.647035827636718750e+02
4.625964660644531250e+02 3.268736877441406250e+02
4.731175231933593750e+02 2.896650390625000000e+02
4.768995971679687500e+02 2.554712371826171875e+02
4.641809692382812500e+02 2.252197723388671875e+02
1.484793395996093750e+02 2.162159881591796875e+02
1.757509307861328125e+02 1.917393341064453125e+02
2.089444885253906250e+02 1.819600830078125000e+02
2.391210784912109375e+02 1.780351562500000000e+02
2.714406127929687500e+02 1.776354980468750000e+02
3.347666625976562500e+02 1.749117736816406250e+02
3.642300415039062500e+02 1.698158111572265625e+02
3.930501403808593750e+02 1.699039459228515625e+02
4.189759826660156250e+02 1.787275238037109375e+02
4.438952026367187500e+02 2.013374176025390625e+02
3.019823303222656250e+02 2.231233673095703125e+02
3.039660339355468750e+02 2.519630432128906250e+02
3.051967163085937500e+02 2.750350646972656250e+02
3.058840332031250000e+02 3.005928649902343750e+02
2.726208801269531250e+02 3.171728515625000000e+02
2.890932006835937500e+02 3.209020690917968750e+02
3.055371093750000000e+02 3.233195495605468750e+02
3.218906250000000000e+02 3.187911682128906250e+02
3.362939453125000000e+02 3.148871459960937500e+02
1.606268768310546875e+02 2.547348480224609375e+02
1.909195404052734375e+02 2.320714416503906250e+02
2.268288269042968750e+02 2.220814514160156250e+02
2.657678222656250000e+02 2.458179473876953125e+02
2.357611083984375000e+02 2.644093322753906250e+02
1.957100830078125000e+02 2.681709899902343750e+02
3.377662963867187500e+02 2.430111236572265625e+02
3.683338928222656250e+02 2.216917419433593750e+02
4.030870056152343750e+02 2.218107147216796875e+02
4.303397827148437500e+02 2.432141876220703125e+02
4.074519958496093750e+02 2.600488891601562500e+02
3.738153686523437500e+02 2.579018554687500000e+02
2.368540344238281250e+02 3.792981262207031250e+02
2.559323883056640625e+02 3.643299865722656250e+02
2.745588684082031250e+02 3.542597045898437500e+02
3.008243713378906250e+02 3.524249572753906250e+02
3.251611328125000000e+02 3.520502014160156250e+02
3.463542175292968750e+02 3.586390686035156250e+02
3.564470214843750000e+02 3.740392456054687500e+02
3.369820861816406250e+02 3.910322265625000000e+02
3.182300415039062500e+02 4.016164245605468750e+02
3.010501403808593750e+02 4.048562316894531250e+02
2.786544799804687500e+02 4.004968872070312500e+02
2.635260620117187500e+02 3.934636230468750000e+02
2.641490783691406250e+02 3.766954040527343750e+02
2.857916259765625000e+02 3.704995117187500000e+02
3.020663146972656250e+02 3.691365661621093750e+02
3.194424438476562500e+02 3.694762878417968750e+02
3.398983459472656250e+02 3.726637268066406250e+02
3.175058288574218750e+02 3.803923339843750000e+02
2.986025390625000000e+02 3.825205688476562500e+02
2.780116577148437500e+02 3.804118041992187500e+02
