1.043706741333007812e+02 2.574665222167968750e+02
1.131521682739257812e+02 2.967582092285156250e+02
1.275382843017578125e+02 3.315459899902343750e+02
1.478624725341796875e+02 3.536671752929687500e+02
1.781154785156250000e+02 3.784688415527343750e+02
2.069268951416015625e+02 4.020721130371093750e+02
2.323876647949218750e+02 4.269953002929687500e+02
2.573742370605468750e+02 4.567546081542968750e+02
2.956493530273437500e+02 4.782966003417968750e+02
3.280859680175781250e+02 4.528764038085937500e+02
3.510023803710937500e+02 4.178537292480468750e+02
3.781317443847656250e+02 3.772417907714843750e+02
4.019561157226562500e+02 3.379729919433593750e+02
4.127172546386718750e+02 2.983675842285156250e+02
4.164891662597656250e+02 2.495328826904296875e+02
4.160350952148437500e+02 2.102088775634765625e+02
4.101432800292968750e+02 1.749173736572265625e+02
1.276327362060546875e+02 2.063836669921875000e+02
1.456448059082031250e+02 1.906759185791015625e+02
1.659357910156250000e+02 1.868935241699218750e+02
1.850923004150390625e+02 1.862695007324218750e+02
2.082449798583984375e+02 1.902069854736328125e+02
2.753195495605468750e+02 1.685206604003906250e+02
2.921348571777343750e+02 1.490838775634765625e+02
3.123548889160156250e+02 1.349006805419921875e+02
3.367608032226562500e+02 1.294739685058593750e+02
3.669961547851562500e+02 1.398839874267578125e+02
2.558416290283203125e+02 2.484194335937500000e+02
2.597330322265625000e+02 2.733802795410156250e+02
2.624704284667968750e+02 2.962628784179687500e+02
2.645744323730468750e+02 3.248589782714843750e+02
2.391175384521484375e+02 3.462616271972656250e+02
2.521361999511718750e+02 3.497665405273437500e+02
2.745735473632812500e+02 3.545839233398437500e+02
2.929671936035156250e+02 3.426915893554687500e+02
3.094387207031250000e+02 3.301375427246093750e+02
1.593761444091796875e+02 2.610541381835937500e+02
1.784355468750000000e+02 2.481631317138671875e+02
2.045351257324218750e+02 2.430147857666015625e+02
2.260605926513671875e+02 2.535800933837890625e+02
2.050218811035156250e+02 2.722570495605468750e+02
1.804359283447265625e+02 2.724676513671875000e+02
2.895069580078125000e+02 2.391540985107421875e+02
3.040745544433593750e+02 2.163368377685546875e+02
3.289210815429687500e+02 2.061897430419921875e+02
3.575965270996093750e+02 2.111658630371093750e+02
3.435414123535156250e+02 2.307300567626953125e+02
3.148689575195312500e+02 2.388843078613281250e+02
2.428913116455078125e+02 3.954132995605468750e+02
2.567734680175781250e+02 3.893601379394531250e+02
2.688804016113281250e+02 3.866423645019531250e+02
2.823785400390625000e+02 3.812712402343750000e+02
2.972935180664062500e+02 3.783937988281250000e+02
3.127747192382812500e+02 3.717286071777343750e+02
3.313049621582031250e+02 3.746306457519531250e+02
3.233216247558593750e+02 3.902881774902343750e+02
3.130217895507812500e+02 4.062734375000000000e+02
2.973255920410156250e+02 4.167696838378906250e+02
2.747660522460937500e+02 4.139576721191406250e+02
2.587960510253906250e+02 4.064233398437500000e+02
2.586562194824218750e+02 3.967997436523437500e+02
2.765462951660156250e+02 3.945214843750000000e+02
2.911851196289062500e+02 3.911662292480468750e+02
3.019363403320312500e+02 3.889017639160156250e+02
3.226047973632812500e+02 3.849137878417968750e+02
3.091617736816406250e+02 3.910996093750000000e+02
2.935522155761718750e+02 3.984264221191406250e+02
2.725713500976562500e+02 3.983343811035156250e+02
