8.390776824951171875e+01 2.059643707275390625e+02
7.935370635986328125e+01 2.514342041015625000e+02
9.268660736083984375e+01 2.858235778808593750e+02
1.119257812500000000e+02 3.103967895507812500e+02
1.326680755615234375e+02 3.389414062500000000e+02
1.561059875488281250e+02 3.644124450683593750e+02
1.800723571777343750e+02 3.922930603027343750e+02
2.049515686035156250e+02 4.189577941894531250e+02
2.440006408691406250e+02 4.416660461425781250e+02
2.760833435058593750e+02 4.175187072753906250e+02
3.041383361816406250e+02 3.869775390625000000e+02
3.359208984375000000e+02 3.590906372070312500e+02
3.632451782226562500e+02 3.297062377929687500e+02
3.848110656738281250e+02 3.000596313476562500e+02
4.066225585937500000e+02 2.639948120117187500e+02
4.125988769531250000e+02 2.237931365966796875e+02
3.997267761230468750e+02 1.930676269531250000e+02
1.152974472045898438e+02 1.625850982666015625e+02
1.360927276611328125e+02 1.534481506347656250e+02
1.565262908935546875e+02 1.524727630615234375e+02
1.728770904541015625e+02 1.522402496337890625e+02
1.903574676513671875e+02 1.537577056884765625e+02
2.653646850585937500e+02 1.526717376708984375e+02
2.866685180664062500e+02 1.477827911376953125e+02
3.063251953125000000e+02 1.459639129638671875e+02
3.267986755371093750e+02 1.485548248291015625e+02
3.507180175781250000e+02 1.560799865722656250e+02
2.304651794433593750e+02 2.273722076416015625e+02
2.295596466064453125e+02 2.524963378906250000e+02
2.291381378173828125e+02 2.743226013183593750e+02
2.275693206787109375e+02 3.013292541503906250e+02
2.017043914794921875e+02 3.146987915039062500e+02
2.163189849853515625e+02 3.230255432128906250e+02
2.334073638916015625e+02 3.282128295898437500e+02
2.503913574218750000e+02 3.223547973632812500e+02
2.642982788085937500e+02 3.133074035644531250e+02
1.256623382568359375e+02 2.252172088623046875e+02
1.447965850830078125e+02 2.043090515136718750e+02
1.721425323486328125e+02 2.018205566406250000e+02
1.986925964355468750e+02 2.273734588623046875e+02
1.747650451660156250e+02 2.440652770996093750e+02
1.470261535644531250e+02 2.434365692138671875e+02
2.691411743164062500e+02 2.282605895996093750e+02
2.885460205078125000e+02 2.038077239990234375e+02
3.194239807128906250e+02 1.991208801269531250e+02
3.443536682128906250e+02 2.155601501464843750e+02
3.254403381347656250e+02 2.343505401611328125e+02
2.982657165527343750e+02 2.377473602294921875e+02
1.929322357177734375e+02 3.586583862304687500e+02
2.082138214111328125e+02 3.557837524414062500e+02
2.233154144287109375e+02 3.527452087402343750e+02
2.380509796142578125e+02 3.501703491210937500e+02
2.547415924072265625e+02 3.492547912597656250e+02
2.699406127929687500e+02 3.491206970214843750e+02
2.860127258300781250e+02 3.559509887695312500e+02
2.686395263671875000e+02 3.662045898437500000e+02
2.532139129638671875e+02 3.729664916992187500e+02
2.416872100830078125e+02 3.799654235839843750e+02
2.238110809326171875e+02 3.772233581542968750e+02
2.106058502197265625e+02 3.709098815917968750e+02
2.082583160400390625e+02 3.612412109375000000e+02
2.298232879638671875e+02 3.621210632324218750e+02
2.446523895263671875e+02 3.609428405761718750e+02
2.544826202392578125e+02 3.605864562988281250e+02
2.646347961425781250e+02 3.582703247070312500e+02
2.502810363769531250e+02 3.611380310058593750e+02
2.387026519775390625e+02 3.642542419433593750e+02
2.215271148681640625e+02 3.633898925781250000e+02
