6.923918914794921875e+01 2.429782867431640625e+02
7.180955505371093750e+01 2.857279968261718750e+02
8.281331634521484375e+01 3.180793762207031250e+02
9.955363464355468750e+01 3.405315246582031250e+02
1.256707382202148438e+02 3.664794616699218750e+02
1.516434783935546875e+02 3.918342590332031250e+02
1.744817962646484375e+02 4.211306457519531250e+02
1.975288391113281250e+02 4.490378723144531250e+02
2.381527252197265625e+02 4.732478332519531250e+02
2.708171081542968750e+02 4.487564086914062500e+02
2.984118347167968750e+02 4.154102172851562500e+02
3.300490417480468750e+02 3.851661071777343750e+02
3.578195800781250000e+02 3.555925903320312500e+02
3.807062377929687500e+02 3.248254699707031250e+02
3.999580078125000000e+02 2.841131286621093750e+02
4.062981567382812500e+02 2.445325927734375000e+02
4.004367370605468750e+02 2.091256561279296875e+02
1.002634048461914062e+02 1.974553527832031250e+02
1.202033157348632812e+02 1.879268341064453125e+02
1.392583770751953125e+02 1.876822052001953125e+02
1.554891357421875000e+02 1.864400482177734375e+02
1.739893951416015625e+02 1.877162780761718750e+02
2.497292175292968750e+02 1.843859863281250000e+02
2.707173767089843750e+02 1.759997558593750000e+02
2.924692382812500000e+02 1.708307037353515625e+02
3.167521362304687500e+02 1.709117279052734375e+02
3.419935913085937500e+02 1.829729309082031250e+02
2.181457519531250000e+02 2.424543609619140625e+02
2.175384979248046875e+02 2.709162597656250000e+02
2.172057189941406250e+02 2.972668762207031250e+02
2.137470550537109375e+02 3.278497924804687500e+02
1.903784332275390625e+02 3.478495483398437500e+02
2.048737792968750000e+02 3.509833068847656250e+02
2.247402038574218750e+02 3.543587951660156250e+02
2.413604431152343750e+02 3.474430236816406250e+02
2.556339416503906250e+02 3.404938964843750000e+02
1.077758255004882812e+02 2.549455718994140625e+02
1.302426757812500000e+02 2.391926116943359375e+02
1.586011962890625000e+02 2.367530364990234375e+02
1.857941589355468750e+02 2.544168243408203125e+02
1.590756378173828125e+02 2.743642272949218750e+02
1.313309326171875000e+02 2.739335632324218750e+02
2.531475830078125000e+02 2.526066436767578125e+02
2.728599548339843750e+02 2.311710968017578125e+02
3.041315002441406250e+02 2.250468292236328125e+02
3.321667175292968750e+02 2.376936492919921875e+02
3.092863159179687500e+02 2.569554748535156250e+02
2.802963867187500000e+02 2.590597229003906250e+02
1.884496612548828125e+02 3.912242126464843750e+02
2.054903106689453125e+02 3.844073791503906250e+02
2.177856903076171875e+02 3.797029113769531250e+02
2.313533935546875000e+02 3.769143066406250000e+02
2.476399230957031250e+02 3.763616027832031250e+02
2.623221740722656250e+02 3.759332580566406250e+02
2.816171569824218750e+02 3.820521850585937500e+02
2.659428710937500000e+02 3.920530090332031250e+02
2.511742858886718750e+02 4.011955871582031250e+02
2.353966827392578125e+02 4.094599304199218750e+02
2.165100097656250000e+02 4.080023803710937500e+02
2.022812194824218750e+02 4.016358032226562500e+02
2.011821746826171875e+02 3.924301757812500000e+02
2.218307189941406250e+02 3.917225036621093750e+02
2.362402343750000000e+02 3.897843933105468750e+02
2.470174407958984375e+02 3.884639587402343750e+02
2.585360412597656250e+02 3.876115417480468750e+02
2.455567932128906250e+02 3.901250610351562500e+02
2.331553497314453125e+02 3.932081604003906250e+02
2.133983612060546875e+02 3.956530151367187500e+02
