1.172177581787109375e+02 2.223433837890625000e+02
1.137253570556640625e+02 2.676829528808593750e+02
1.189701995849609375e+02 3.089279479980468750e+02
1.331049041748046875e+02 3.426950378417968750e+02
1.548305969238281250e+02 3.768083801269531250e+02
1.828692474365234375e+02 4.035230102539062500e+02
2.135438385009765625e+02 4.274296569824218750e+02
2.444660491943359375e+02 4.527529907226562500e+02
2.857156372070312500e+02 4.677263488769531250e+02
3.207115783691406250e+02 4.475484924316406250e+02
3.463744812011718750e+02 4.183063659667968750e+02
3.779509582519531250e+02 3.902448730468750000e+02
4.039864807128906250e+02 3.581918945312500000e+02
4.225263061523437500e+02 3.257470397949218750e+02
4.368882446289062500e+02 2.900523376464843750e+02
4.386884155273437500e+02 2.553667144775390625e+02
4.325450134277343750e+02 2.198724670410156250e+02
1.593826751708984375e+02 1.870236053466796875e+02
1.821159667968750000e+02 1.667393951416015625e+02
2.094610290527343750e+02 1.635596008300781250e+02
2.330679016113281250e+02 1.661017761230468750e+02
2.609718933105468750e+02 1.695433502197265625e+02
3.309838562011718750e+02 1.744344024658203125e+02
3.546807250976562500e+02 1.702324981689453125e+02
3.772842407226562500e+02 1.660223541259765625e+02
3.991228332519531250e+02 1.667446441650390625e+02
4.200265197753906250e+02 1.776905364990234375e+02
2.929069824218750000e+02 2.466092681884765625e+02
2.957375488281250000e+02 2.741685485839843750e+02
2.971367797851562500e+02 2.962998352050781250e+02
2.984324340820312500e+02 3.221433105468750000e+02
2.560592651367187500e+02 3.340779724121093750e+02
2.743745422363281250e+02 3.414693298339843750e+02
2.975131530761718750e+02 3.501171875000000000e+02
3.161411743164062500e+02 3.426232604980468750e+02
3.288032531738281250e+02 3.343420104980468750e+02
1.617334289550781250e+02 2.307823028564453125e+02
1.895460357666015625e+02 2.137483215332031250e+02
2.241497802734375000e+02 2.116955261230468750e+02
2.548220214843750000e+02 2.419915008544921875e+02
2.249820709228515625e+02 2.510391998291015625e+02
1.898961334228515625e+02 2.475116271972656250e+02
3.251976928710937500e+02 2.416457519531250000e+02
3.480639343261718750e+02 2.188245849609375000e+02
3.792292480468750000e+02 2.136027069091796875e+02
4.029391174316406250e+02 2.344356231689453125e+02
3.846567687988281250e+02 2.481712493896484375e+02
3.574898071289062500e+02 2.496511993408203125e+02
2.393301696777343750e+02 3.832219543457031250e+02
2.551515045166015625e+02 3.772297058105468750e+02
2.701283264160156250e+02 3.738768005371093750e+02
2.892755126953125000e+02 3.740519714355468750e+02
3.053820190429687500e+02 3.741000976562500000e+02
3.219868469238281250e+02 3.770543823242187500e+02
3.334988708496093750e+02 3.845286254882812500e+02
3.180691833496093750e+02 3.951880493164062500e+02
3.039258117675781250e+02 4.025361022949218750e+02
2.909036254882812500e+02 4.112663879394531250e+02
2.717175598144531250e+02 4.029451599121093750e+02
2.583644714355468750e+02 3.956997070312500000e+02
2.560947570800781250e+02 3.849392700195312500e+02
2.758205566406250000e+02 3.864342346191406250e+02
2.903136901855468750e+02 3.870742187500000000e+02
3.017216186523437500e+02 3.873590698242187500e+02
3.218408203125000000e+02 3.882314147949218750e+02
3.016755981445312500e+02 3.895646667480468750e+02
2.888744506835937500e+02 3.911985473632812500e+02
2.705535278320312500e+02 3.875675354003906250e+02
