1.112080917358398438e+02 2.433871917724609375e+02
1.124573135375976562e+02 2.830522460937500000e+02
1.267450103759765625e+02 3.195126037597656250e+02
1.463936462402343750e+02 3.409375915527343750e+02
1.639220275878906250e+02 3.724633178710937500e+02
1.820638885498046875e+02 4.004218750000000000e+02
2.047110443115234375e+02 4.224605102539062500e+02
2.295533905029296875e+02 4.435321960449218750e+02
2.668493347167968750e+02 4.583953552246093750e+02
2.975889282226562500e+02 4.401311950683593750e+02
3.252423400878906250e+02 4.169242858886718750e+02
3.516088256835937500e+02 3.890843811035156250e+02
3.696388854980468750e+02 3.559440612792968750e+02
3.835032348632812500e+02 3.258528747558593750e+02
3.988557739257812500e+02 2.942121582031250000e+02
4.058814392089843750e+02 2.622124328613281250e+02
4.032752380371093750e+02 2.300116882324218750e+02
1.580621490478515625e+02 1.931741180419921875e+02
1.745903015136718750e+02 1.714512023925781250e+02
1.971931152343750000e+02 1.671939849853515625e+02
2.184773254394531250e+02 1.674427642822265625e+02
2.421603088378906250e+02 1.747613677978515625e+02
3.071560974121093750e+02 1.772172851562500000e+02
3.279129333496093750e+02 1.659843444824218750e+02
3.496831359863281250e+02 1.614824676513671875e+02
3.680962524414062500e+02 1.680071868896484375e+02
3.845535583496093750e+02 1.873982849121093750e+02
2.687109680175781250e+02 2.406007843017578125e+02
2.704772338867187500e+02 2.651760559082031250e+02
2.727763061523437500e+02 2.870975341796875000e+02
2.749115905761718750e+02 3.133761596679687500e+02
2.441048126220703125e+02 3.287050781250000000e+02
2.569622497558593750e+02 3.338372192382812500e+02
2.726145324707031250e+02 3.384130554199218750e+02
2.876384582519531250e+02 3.342330017089843750e+02
2.987103576660156250e+02 3.283137512207031250e+02
1.703603820800781250e+02 2.460771331787109375e+02
1.878290252685546875e+02 2.252492828369140625e+02
2.183515625000000000e+02 2.179480743408203125e+02
2.433499603271484375e+02 2.436398773193359375e+02
2.226459960937500000e+02 2.629565124511718750e+02
1.927558593750000000e+02 2.642673645019531250e+02
2.956357116699218750e+02 2.445840148925781250e+02
3.188666076660156250e+02 2.207331542968750000e+02
3.477089843750000000e+02 2.207920989990234375e+02
3.632010803222656250e+02 2.447327728271484375e+02
3.467223510742187500e+02 2.605948791503906250e+02
3.213587951660156250e+02 2.602691345214843750e+02
2.299219055175781250e+02 3.759541931152343750e+02
2.415775299072265625e+02 3.672548522949218750e+02
2.538166961669921875e+02 3.606754455566406250e+02
2.679743041992187500e+02 3.606706848144531250e+02
2.834037475585937500e+02 3.581208801269531250e+02
3.013786315917968750e+02 3.591188659667968750e+02
3.156517944335937500e+02 3.711039733886718750e+02
3.030095825195312500e+02 3.803500976562500000e+02
2.888218994140625000e+02 3.893173217773437500e+02
2.735766906738281250e+02 3.967807617187500000e+02
2.577921752929687500e+02 3.907514343261718750e+02
2.450561828613281250e+02 3.840640258789062500e+02
2.415724334716796875e+02 3.740935974121093750e+02
2.550039062500000000e+02 3.723314819335937500e+02
2.693407287597656250e+02 3.720888061523437500e+02
2.831894226074218750e+02 3.708969726562500000e+02
3.048030700683593750e+02 3.735396423339843750e+02
2.907506408691406250e+02 3.761067199707031250e+02
2.723546447753906250e+02 3.821985778808593750e+02
2.543743591308593750e+02 3.778833312988281250e+02
