1.121303329467773438e+02 2.404204864501953125e+02
1.143871536254882812e+02 2.814269104003906250e+02
1.222839202880859375e+02 3.219051818847656250e+02
1.385103302001953125e+02 3.499704589843750000e+02
1.584861602783203125e+02 3.808089294433593750e+02
1.832278137207031250e+02 4.046000366210937500e+02
2.093423614501953125e+02 4.231646423339843750e+02
2.386178131103515625e+02 4.436367492675781250e+02
2.767319030761718750e+02 4.546633300781250000e+02
3.093866882324218750e+02 4.382949218750000000e+02
3.357156372070312500e+02 4.134741516113281250e+02
3.645630493164062500e+02 3.844687194824218750e+02
3.894505310058593750e+02 3.509041442871093750e+02
4.049902648925781250e+02 3.174874572753906250e+02
4.158565063476562500e+02 2.853465270996093750e+02
4.166636047363281250e+02 2.539046325683593750e+02
4.111886901855468750e+02 2.197176208496093750e+02
1.683513641357421875e+02 1.808271484375000000e+02
1.863410949707031250e+02 1.573021545410156250e+02
2.076195526123046875e+02 1.460634765625000000e+02
2.306103057861328125e+02 1.411993103027343750e+02
2.525492858886718750e+02 1.451900329589843750e+02
3.123180541992187500e+02 1.433954925537109375e+02
3.317580566406250000e+02 1.354973449707031250e+02
3.535401916503906250e+02 1.352449798583984375e+02
3.717914733886718750e+02 1.465142059326171875e+02
3.881051940917968750e+02 1.716076660156250000e+02
2.755940856933593750e+02 2.339814300537109375e+02
2.769304504394531250e+02 2.603484497070312500e+02
2.791285095214843750e+02 2.840900268554687500e+02
2.816094055175781250e+02 3.116307678222656250e+02
2.468249206542968750e+02 3.273091735839843750e+02
2.599754638671875000e+02 3.333499145507812500e+02
2.764373474121093750e+02 3.399938354492187500e+02
2.941115417480468750e+02 3.339882812500000000e+02
3.076453247070312500e+02 3.281022338867187500e+02
1.755668640136718750e+02 2.571333312988281250e+02
1.913631439208984375e+02 2.303025665283203125e+02
2.280335845947265625e+02 2.191233215332031250e+02
2.496927185058593750e+02 2.503732147216796875e+02
2.289982452392578125e+02 2.752337341308593750e+02
1.972026824951171875e+02 2.756671752929687500e+02
3.027604980468750000e+02 2.517171630859375000e+02
3.266247253417968750e+02 2.244736480712890625e+02
3.555881652832031250e+02 2.259635925292968750e+02
3.727599792480468750e+02 2.561667785644531250e+02
3.571398010253906250e+02 2.742555236816406250e+02
3.284284667968750000e+02 2.742869262695312500e+02
2.310640106201171875e+02 3.772442016601562500e+02
2.432895812988281250e+02 3.643629455566406250e+02
2.586576232910156250e+02 3.577292175292968750e+02
2.767921752929687500e+02 3.570631713867187500e+02
2.958645935058593750e+02 3.542766418457031250e+02
3.148277893066406250e+02 3.561211242675781250e+02
3.260590515136718750e+02 3.729823608398437500e+02
3.125542602539062500e+02 3.834060363769531250e+02
2.965871582031250000e+02 3.925246582031250000e+02
2.799070434570312500e+02 3.979142761230468750e+02
2.597773742675781250e+02 3.934371032714843750e+02
2.470515289306640625e+02 3.855259399414062500e+02
2.426046295166015625e+02 3.727608337402343750e+02
2.600484313964843750e+02 3.713920593261718750e+02
2.768438720703125000e+02 3.715563659667968750e+02
2.928261718750000000e+02 3.694829101562500000e+02
3.202871093750000000e+02 3.707211303710937500e+02
2.989302368164062500e+02 3.786137084960937500e+02
2.787001037597656250e+02 3.860730285644531250e+02
2.593481445312500000e+02 3.797723083496093750e+02
