9.068058013916015625e+01 2.301544342041015625e+02
8.217658233642578125e+01 2.779734802246093750e+02
8.836535644531250000e+01 3.245223693847656250e+02
9.866388702392578125e+01 3.619513549804687500e+02
1.245705718994140625e+02 3.994342956542968750e+02
1.636083221435546875e+02 4.228278808593750000e+02
2.039861602783203125e+02 4.390627441406250000e+02
2.452592468261718750e+02 4.533701782226562500e+02
2.976981506347656250e+02 4.638669738769531250e+02
3.410885314941406250e+02 4.480770874023437500e+02
3.807090454101562500e+02 4.326647033691406250e+02
4.173831481933593750e+02 4.120476074218750000e+02
4.451065368652343750e+02 3.809049987792968750e+02
4.599482421875000000e+02 3.441186218261718750e+02
4.693038635253906250e+02 3.076184997558593750e+02
4.716337890625000000e+02 2.662220153808593750e+02
4.645142517089843750e+02 2.291311187744140625e+02
1.461255493164062500e+02 1.935701599121093750e+02
1.688277130126953125e+02 1.737631835937500000e+02
1.975353240966796875e+02 1.655047149658203125e+02
2.233628234863281250e+02 1.593717956542968750e+02
2.508219146728515625e+02 1.630477752685546875e+02
3.373586730957031250e+02 1.637641601562500000e+02
3.640697631835937500e+02 1.609188385009765625e+02
3.894232482910156250e+02 1.647552337646484375e+02
4.124653320312500000e+02 1.712533264160156250e+02
4.397259216308593750e+02 1.842475585937500000e+02
2.909664001464843750e+02 2.431889953613281250e+02
2.932199401855468750e+02 2.711660156250000000e+02
2.966612243652343750e+02 2.933893737792968750e+02
2.992048645019531250e+02 3.191028747558593750e+02
2.662604064941406250e+02 3.406472473144531250e+02
2.828810424804687500e+02 3.415760192871093750e+02
2.994395141601562500e+02 3.420608520507812500e+02
3.144014587402343750e+02 3.385351867675781250e+02
3.261202087402343750e+02 3.361831359863281250e+02
1.484571075439453125e+02 2.728838806152343750e+02
1.705230255126953125e+02 2.386289825439453125e+02
2.123951263427734375e+02 2.313261413574218750e+02
2.543611907958984375e+02 2.680069274902343750e+02
2.227600555419921875e+02 2.982897033691406250e+02
1.795204010009765625e+02 2.997604064941406250e+02
3.307402343750000000e+02 2.666313781738281250e+02
3.583621520996093750e+02 2.333731231689453125e+02
3.981112670898437500e+02 2.315735321044921875e+02
4.234601135253906250e+02 2.645391845703125000e+02
4.014975585937500000e+02 2.912249145507812500e+02
3.656080627441406250e+02 2.931425476074218750e+02
2.354484863281250000e+02 3.842345886230468750e+02
2.550485382080078125e+02 3.776536560058593750e+02
2.735445251464843750e+02 3.708113708496093750e+02
2.962328491210937500e+02 3.693196716308593750e+02
3.182856750488281250e+02 3.698120117187500000e+02
3.373835144042968750e+02 3.753239440917968750e+02
3.478327941894531250e+02 3.867854919433593750e+02
3.269284057617187500e+02 3.977196960449218750e+02
3.090899353027343750e+02 4.045668334960937500e+02
2.929291992187500000e+02 4.086360168457031250e+02
2.742294616699218750e+02 4.010163574218750000e+02
2.592775268554687500e+02 3.935229187011718750e+02
2.585679321289062500e+02 3.842292480468750000e+02
2.781728210449218750e+02 3.865039062500000000e+02
2.950673217773437500e+02 3.851104125976562500e+02
3.135266723632812500e+02 3.848593444824218750e+02
3.353828735351562500e+02 3.834932556152343750e+02
3.125219421386718750e+02 3.904519348144531250e+02
2.951968688964843750e+02 3.929565734863281250e+02
2.761226196289062500e+02 3.894932556152343750e+02
