1.033781738281250000e+02 2.479235076904296875e+02
9.473101043701171875e+01 2.902221069335937500e+02
9.642411041259765625e+01 3.324882507324218750e+02
1.115346832275390625e+02 3.669465637207031250e+02
1.341377716064453125e+02 4.049827575683593750e+02
1.636515350341796875e+02 4.324104919433593750e+02
1.960602722167968750e+02 4.509767150878906250e+02
2.337356262207031250e+02 4.706413269042968750e+02
2.795802917480468750e+02 4.855844421386718750e+02
3.248586120605468750e+02 4.721819763183593750e+02
3.652042541503906250e+02 4.554716186523437500e+02
4.049028930664062500e+02 4.320085754394531250e+02
4.351066589355468750e+02 3.991064147949218750e+02
4.537779846191406250e+02 3.629441223144531250e+02
4.679602966308593750e+02 3.254955444335937500e+02
4.768465270996093750e+02 2.840670471191406250e+02
4.765892944335937500e+02 2.445335235595703125e+02
1.431769561767578125e+02 2.029583282470703125e+02
1.649220428466796875e+02 1.818995513916015625e+02
1.933376159667968750e+02 1.723591308593750000e+02
2.207064208984375000e+02 1.701989898681640625e+02
2.479079589843750000e+02 1.785033416748046875e+02
3.458442077636718750e+02 1.821737976074218750e+02
3.734450683593750000e+02 1.742082824707031250e+02
3.997269897460937500e+02 1.748302917480468750e+02
4.271582946777343750e+02 1.815505371093750000e+02
4.566903381347656250e+02 2.010506134033203125e+02
2.933908691406250000e+02 2.694787292480468750e+02
2.943519897460937500e+02 2.989697570800781250e+02
2.952676391601562500e+02 3.215357971191406250e+02
2.951893615722656250e+02 3.454725036621093750e+02
2.647148742675781250e+02 3.634586791992187500e+02
2.794296264648437500e+02 3.657981567382812500e+02
2.955583190917968750e+02 3.677958984375000000e+02
3.088007812500000000e+02 3.652557067871093750e+02
3.209467163085937500e+02 3.631358947753906250e+02
1.515981445312500000e+02 2.791170349121093750e+02
1.788353729248046875e+02 2.461078643798828125e+02
2.262539367675781250e+02 2.399773406982421875e+02
2.605618591308593750e+02 2.834422607421875000e+02
2.249441986083984375e+02 3.174236450195312500e+02
1.796370697021484375e+02 3.131850585937500000e+02
3.337879943847656250e+02 2.857223205566406250e+02
3.650424804687500000e+02 2.448729248046875000e+02
4.076801147460937500e+02 2.429925384521484375e+02
4.329242248535156250e+02 2.803283081054687500e+02
4.084166870117187500e+02 3.104842224121093750e+02
3.674767456054687500e+02 3.138504333496093750e+02
2.301949310302734375e+02 4.174629516601562500e+02
2.493802642822265625e+02 4.080196838378906250e+02
2.666884155273437500e+02 4.012581481933593750e+02
2.863125305175781250e+02 4.015670776367187500e+02
3.054982604980468750e+02 4.008571472167968750e+02
3.272601928710937500e+02 4.036266479492187500e+02
3.362670593261718750e+02 4.180373840332031250e+02
3.182836914062500000e+02 4.261781616210937500e+02
2.991938781738281250e+02 4.344801940917968750e+02
2.837981262207031250e+02 4.422095642089843750e+02
2.667149353027343750e+02 4.333219909667968750e+02
2.524237213134765625e+02 4.260495300292968750e+02
2.562009582519531250e+02 4.170372009277343750e+02
2.713919372558593750e+02 4.186477050781250000e+02
2.847474975585937500e+02 4.181649475097656250e+02
2.981843261718750000e+02 4.169048156738281250e+02
3.206727600097656250e+02 4.147587890625000000e+02
3.058013305664062500e+02 4.160310668945312500e+02
2.884487915039062500e+02 4.226847229003906250e+02
2.729012145996093750e+02 4.193792114257812500e+02
