9.427629852294921875e+01 1.910236816406250000e+02
9.242311096191406250e+01 2.444947052001953125e+02
9.702555084228515625e+01 2.998271179199218750e+02
1.082550048828125000e+02 3.419316101074218750e+02
1.475448150634765625e+02 3.674255371093750000e+02
1.937971954345703125e+02 3.753562316894531250e+02
2.380354156494140625e+02 3.824445495605468750e+02
2.811771545410156250e+02 3.895324096679687500e+02
3.399140319824218750e+02 4.013169555664062500e+02
3.816680297851562500e+02 3.769509887695312500e+02
4.139635620117187500e+02 3.586589050292968750e+02
4.494054870605468750e+02 3.338442687988281250e+02
4.812086486816406250e+02 3.075840454101562500e+02
4.965777893066406250e+02 2.788285217285156250e+02
4.917748413085937500e+02 2.405952148437500000e+02
4.871564025878906250e+02 2.070231170654296875e+02
4.759294128417968750e+02 1.722713775634765625e+02
1.826452331542968750e+02 1.544621429443359375e+02
2.092343444824218750e+02 1.291807556152343750e+02
2.359381408691406250e+02 1.160066680908203125e+02
2.632984008789062500e+02 1.138916549682617188e+02
2.892528686523437500e+02 1.197543258666992188e+02
3.614584045410156250e+02 1.348869018554687500e+02
3.812231445312500000e+02 1.259481658935546875e+02
4.011525573730468750e+02 1.241770172119140625e+02
4.220109558105468750e+02 1.261761856079101562e+02
4.416168518066406250e+02 1.379231567382812500e+02
3.253247680664062500e+02 1.977703704833984375e+02
3.309294128417968750e+02 2.281590576171875000e+02
3.380190429687500000e+02 2.508305969238281250e+02
3.445918273925781250e+02 2.787670898437500000e+02
2.875155639648437500e+02 2.849375000000000000e+02
3.108681945800781250e+02 2.918351135253906250e+02
3.409627990722656250e+02 3.008144836425781250e+02
3.603270568847656250e+02 2.932373657226562500e+02
3.721009216308593750e+02 2.836994323730468750e+02
2.021994934082031250e+02 2.162050933837890625e+02
2.254066162109375000e+02 1.827663116455078125e+02
2.735808715820312500e+02 1.703852539062500000e+02
3.056905822753906250e+02 2.129322967529296875e+02
2.736762084960937500e+02 2.442604064941406250e+02
2.346772308349609375e+02 2.427046661376953125e+02
3.433144531250000000e+02 2.189110107421875000e+02
3.691277160644531250e+02 1.792598114013671875e+02
4.052534790039062500e+02 1.706944732666015625e+02
4.312676391601562500e+02 1.981875152587890625e+02
4.173350524902343750e+02 2.275953674316406250e+02
3.841526184082031250e+02 2.341934509277343750e+02
2.460220947265625000e+02 3.302070007324218750e+02
2.758681945800781250e+02 3.222477722167968750e+02
3.098462219238281250e+02 3.193222961425781250e+02
3.484890441894531250e+02 3.186123046875000000e+02
3.802025451660156250e+02 3.188302307128906250e+02
4.032732849121093750e+02 3.133051452636718750e+02
4.140575561523437500e+02 3.215925598144531250e+02
3.935953979492187500e+02 3.331806030273437500e+02
3.735799255371093750e+02 3.463048400878906250e+02
3.470903015136718750e+02 3.508490600585937500e+02
3.148547973632812500e+02 3.467268066406250000e+02
2.857445068359375000e+02 3.404388732910156250e+02
2.670853881835937500e+02 3.270122375488281250e+02
3.045207214355468750e+02 3.271236267089843750e+02
3.453712463378906250e+02 3.285472106933593750e+02
3.780928344726562500e+02 3.278397827148437500e+02
4.064370117187500000e+02 3.287905273437500000e+02
3.800121459960937500e+02 3.340316772460937500e+02
3.461142578125000000e+02 3.388900451660156250e+02
3.048141784667968750e+02 3.331250610351562500e+02
