1.126344375610351562e+02 2.554539947509765625e+02
1.195758056640625000e+02 2.975715332031250000e+02
1.326560974121093750e+02 3.337097167968750000e+02
1.506765899658203125e+02 3.617760620117187500e+02
1.760373535156250000e+02 3.945559082031250000e+02
2.024575195312500000e+02 4.238330993652343750e+02
2.298056945800781250e+02 4.496636047363281250e+02
2.609199829101562500e+02 4.741063842773437500e+02
2.991776733398437500e+02 4.887306213378906250e+02
3.347807006835937500e+02 4.674750976562500000e+02
3.613229675292968750e+02 4.382305603027343750e+02
3.905979919433593750e+02 4.052771606445312500e+02
4.173346252441406250e+02 3.715568237304687500e+02
4.336481933593750000e+02 3.364539489746093750e+02
4.450326843261718750e+02 2.960444030761718750e+02
4.507205505371093750e+02 2.567204895019531250e+02
4.437063293457031250e+02 2.126314544677734375e+02
1.558469696044921875e+02 2.115114746093750000e+02
1.784794158935546875e+02 1.912170715332031250e+02
2.061877441406250000e+02 1.897491607666015625e+02
2.328933563232421875e+02 1.932768859863281250e+02
2.623997192382812500e+02 2.013887023925781250e+02
3.231643676757812500e+02 1.897182769775390625e+02
3.453580932617187500e+02 1.742939147949218750e+02
3.690193176269531250e+02 1.644633789062500000e+02
3.947945251464843750e+02 1.620172576904296875e+02
4.205882263183593750e+02 1.756462097167968750e+02
2.904296264648437500e+02 2.507241058349609375e+02
2.923801574707031250e+02 2.766535949707031250e+02
2.935135803222656250e+02 2.999667358398437500e+02
2.939465332031250000e+02 3.245612182617187500e+02
2.636579284667968750e+02 3.425695800781250000e+02
2.769273376464843750e+02 3.443367309570312500e+02
2.944719848632812500e+02 3.473645019531250000e+02
3.104055175781250000e+02 3.411961364746093750e+02
3.238154296875000000e+02 3.361242675781250000e+02
1.731047058105468750e+02 2.632055053710937500e+02
1.937713775634765625e+02 2.428779602050781250e+02
2.253891906738281250e+02 2.349777526855468750e+02
2.569684448242187500e+02 2.553583679199218750e+02
2.315687408447265625e+02 2.772286071777343750e+02
1.982185821533203125e+02 2.779289245605468750e+02
3.222779235839843750e+02 2.524233245849609375e+02
3.450769348144531250e+02 2.250186920166015625e+02
3.786029663085937500e+02 2.202634735107421875e+02
4.063474426269531250e+02 2.384207000732421875e+02
3.866445312500000000e+02 2.590185241699218750e+02
3.534291992187500000e+02 2.630209350585937500e+02
2.447773132324218750e+02 4.016158752441406250e+02
2.581824035644531250e+02 3.896076965332031250e+02
2.751819763183593750e+02 3.793298034667968750e+02
2.928555297851562500e+02 3.780280151367187500e+02
3.112154235839843750e+02 3.769230957031250000e+02
3.321114807128906250e+02 3.809214477539062500e+02
3.454961853027343750e+02 3.980650024414062500e+02
3.322629699707031250e+02 4.110200805664062500e+02
3.146687927246093750e+02 4.235526733398437500e+02
2.956429748535156250e+02 4.315776062011718750e+02
2.741824340820312500e+02 4.235322875976562500e+02
2.587376098632812500e+02 4.138480834960937500e+02
2.592454528808593750e+02 4.004623413085937500e+02
2.783837585449218750e+02 3.953620910644531250e+02
2.936952209472656250e+02 3.941599731445312500e+02
3.091486816406250000e+02 3.926571960449218750e+02
3.353505859375000000e+02 3.968095703125000000e+02
3.157298278808593750e+02 4.056937866210937500e+02
2.955145874023437500e+02 4.126969299316406250e+02
2.734594421386718750e+02 4.088438110351562500e+02
