8.787017059326171875e+01 2.536011047363281250e+02
9.604579162597656250e+01 3.020820312500000000e+02
1.065142135620117188e+02 3.446306152343750000e+02
1.270428619384765625e+02 3.739567260742187500e+02
1.521355285644531250e+02 4.099494018554687500e+02
1.805110168457031250e+02 4.411539001464843750e+02
2.135586090087890625e+02 4.651360473632812500e+02
2.526864776611328125e+02 4.902910156250000000e+02
2.969169616699218750e+02 5.023927307128906250e+02
3.366612854003906250e+02 4.818803100585937500e+02
3.633013305664062500e+02 4.507032775878906250e+02
3.916701965332031250e+02 4.201238708496093750e+02
4.117651367187500000e+02 3.863212585449218750e+02
4.238677673339843750e+02 3.515759582519531250e+02
4.269592590332031250e+02 3.117764282226562500e+02
4.278041381835937500e+02 2.744914550781250000e+02
4.300207214355468750e+02 2.331629791259765625e+02
1.321653747558593750e+02 2.196748809814453125e+02
1.498190612792968750e+02 1.903225860595703125e+02
1.758244934082031250e+02 1.840438079833984375e+02
2.017561950683593750e+02 1.910963897705078125e+02
2.287929992675781250e+02 2.096855773925781250e+02
3.119149475097656250e+02 2.140829010009765625e+02
3.336216125488281250e+02 1.917952423095703125e+02
3.552513122558593750e+02 1.761924896240234375e+02
3.789095153808593750e+02 1.728275604248046875e+02
3.955022888183593750e+02 1.877710723876953125e+02
2.749221801757812500e+02 2.501253967285156250e+02
2.772676086425781250e+02 2.787118530273437500e+02
2.813926086425781250e+02 3.058684082031250000e+02
2.857303466796875000e+02 3.361762390136718750e+02
2.554656829833984375e+02 3.597303161621093750e+02
2.713181457519531250e+02 3.603176879882812500e+02
2.892088317871093750e+02 3.616403503417968750e+02
3.039681701660156250e+02 3.560764770507812500e+02
3.146195678710937500e+02 3.508220214843750000e+02
1.588948516845703125e+02 2.922596130371093750e+02
1.729644927978515625e+02 2.644643249511718750e+02
2.076663513183593750e+02 2.556311340332031250e+02
2.414119110107421875e+02 2.801184997558593750e+02
2.170488586425781250e+02 3.059418945312500000e+02
1.860799102783203125e+02 3.074714965820312500e+02
3.091701660156250000e+02 2.806217041015625000e+02
3.298932495117187500e+02 2.535135955810546875e+02
3.584515075683593750e+02 2.486920928955078125e+02
3.820452575683593750e+02 2.738698120117187500e+02
3.656041564941406250e+02 2.936513671875000000e+02
3.376963195800781250e+02 2.965022888183593750e+02
2.419014739990234375e+02 4.206912536621093750e+02
2.529603424072265625e+02 4.054960632324218750e+02
2.696292419433593750e+02 3.944325256347656250e+02
2.909288024902343750e+02 3.932150573730468750e+02
3.084667663574218750e+02 3.900772399902343750e+02
3.264690856933593750e+02 3.925588989257812500e+02
3.386035461425781250e+02 4.088769531250000000e+02
3.289831848144531250e+02 4.179939880371093750e+02
3.115561523437500000e+02 4.278862304687500000e+02
2.936252136230468750e+02 4.360520629882812500e+02
2.734977111816406250e+02 4.314210815429687500e+02
2.581381225585937500e+02 4.257141723632812500e+02
2.611144714355468750e+02 4.137138061523437500e+02
2.768986816406250000e+02 4.108254394531250000e+02
2.945341796875000000e+02 4.110514526367187500e+02
3.107292785644531250e+02 4.073061218261718750e+02
3.279708862304687500e+02 4.099144897460937500e+02
3.164619140625000000e+02 4.154194946289062500e+02
2.946354980468750000e+02 4.209877929687500000e+02
2.731702575683593750e+02 4.197876892089843750e+02
