1.394585418701171875e+02 1.971249694824218750e+02
1.319050750732421875e+02 2.398145904541015625e+02
1.326138610839843750e+02 2.826397399902343750e+02
1.438865203857421875e+02 3.180856018066406250e+02
1.627543945312500000e+02 3.537772827148437500e+02
1.883472747802734375e+02 3.808278503417968750e+02
2.158352050781250000e+02 4.047412414550781250e+02
2.458324890136718750e+02 4.304288635253906250e+02
2.831824645996093750e+02 4.446593933105468750e+02
3.217844543457031250e+02 4.296680297851562500e+02
3.480518188476562500e+02 4.049943542480468750e+02
3.813475036621093750e+02 3.801831970214843750e+02
4.088326721191406250e+02 3.505605468750000000e+02
4.216711425781250000e+02 3.178941040039062500e+02
4.285812683105468750e+02 2.805508117675781250e+02
4.303639831542968750e+02 2.421596374511718750e+02
4.284785766601562500e+02 1.978305358886718750e+02
1.863092498779296875e+02 1.444809112548828125e+02
1.996496276855468750e+02 1.178507308959960938e+02
2.223335266113281250e+02 1.039162063598632812e+02
2.463599700927734375e+02 1.051770401000976562e+02
2.691132202148437500e+02 1.172021713256835938e+02
3.480170593261718750e+02 1.243056640625000000e+02
3.642599487304687500e+02 1.171175155639648438e+02
3.824972229003906250e+02 1.176996231079101562e+02
3.982228088378906250e+02 1.262478408813476562e+02
4.152141418457031250e+02 1.424705352783203125e+02
2.961735839843750000e+02 2.094098663330078125e+02
2.980453186035156250e+02 2.362008514404296875e+02
2.990925598144531250e+02 2.603249206542968750e+02
2.991441040039062500e+02 2.867813720703125000e+02
2.644944458007812500e+02 2.957467346191406250e+02
2.792120971679687500e+02 3.035044860839843750e+02
2.964176635742187500e+02 3.109001159667968750e+02
3.114201354980468750e+02 3.067095031738281250e+02
3.223569641113281250e+02 3.002705383300781250e+02
1.844512939453125000e+02 2.230389862060546875e+02
1.988950195312500000e+02 1.925129699707031250e+02
2.377046661376953125e+02 1.891611175537109375e+02
2.649661254882812500e+02 2.244141540527343750e+02
2.386746673583984375e+02 2.459317321777343750e+02
2.062189941406250000e+02 2.426014556884765625e+02
3.290521850585937500e+02 2.319175109863281250e+02
3.497557678222656250e+02 2.013644714355468750e+02
3.790890502929687500e+02 2.015609130859375000e+02
3.949248657226562500e+02 2.357869415283203125e+02
3.801952209472656250e+02 2.527211608886718750e+02
3.529543762207031250e+02 2.524990081787109375e+02
2.500685729980468750e+02 3.518646850585937500e+02
2.574013366699218750e+02 3.423581237792968750e+02
2.711183166503906250e+02 3.358169860839843750e+02
2.906558227539062500e+02 3.385847473144531250e+02
3.089059143066406250e+02 3.382228393554687500e+02
3.245970764160156250e+02 3.431611022949218750e+02
3.289955749511718750e+02 3.545776062011718750e+02
3.177333068847656250e+02 3.655066223144531250e+02
3.061629943847656250e+02 3.733766174316406250e+02
2.940840759277343750e+02 3.768630981445312500e+02
2.782820129394531250e+02 3.707726440429687500e+02
2.681228637695312500e+02 3.615876464843750000e+02
2.645592956542968750e+02 3.490015258789062500e+02
2.792913513183593750e+02 3.507727966308593750e+02
2.926551208496093750e+02 3.520921936035156250e+02
3.090926818847656250e+02 3.530796508789062500e+02
3.280815429687500000e+02 3.546056518554687500e+02
3.083496704101562500e+02 3.583775329589843750e+02
2.909672241210937500e+02 3.615941467285156250e+02
2.740820922851562500e+02 3.548552551269531250e+02
