1.216055221557617188e+02 1.519408111572265625e+02
1.188040390014648438e+02 2.015705413818359375e+02
1.174027099609375000e+02 2.466639709472656250e+02
1.316620025634765625e+02 2.850335693359375000e+02
1.514689025878906250e+02 3.278612670898437500e+02
1.749092102050781250e+02 3.621769714355468750e+02
2.014386291503906250e+02 3.922421264648437500e+02
2.342679748535156250e+02 4.175729675292968750e+02
2.745397338867187500e+02 4.364967956542968750e+02
3.134650268554687500e+02 4.074061889648437500e+02
3.389291076660156250e+02 3.787583007812500000e+02
3.671943054199218750e+02 3.448847045898437500e+02
3.852493286132812500e+02 3.032809753417968750e+02
3.970752563476562500e+02 2.682985839843750000e+02
4.100411071777343750e+02 2.281698760986328125e+02
4.103360900878906250e+02 1.847051849365234375e+02
4.054595031738281250e+02 1.395428924560546875e+02
1.496843414306640625e+02 9.713507080078125000e+01
1.680351867675781250e+02 7.395076751708984375e+01
1.894090728759765625e+02 6.989796447753906250e+01
2.089700775146484375e+02 7.301226043701171875e+01
2.305761718750000000e+02 8.489353179931640625e+01
3.103055114746093750e+02 8.382630157470703125e+01
3.276902770996093750e+02 6.299553680419921875e+01
3.468261718750000000e+02 5.014786148071289062e+01
3.653148803710937500e+02 5.005876922607421875e+01
3.821890258789062500e+02 6.293582534790039062e+01
2.722000122070312500e+02 1.539387969970703125e+02
2.741735229492187500e+02 1.880177459716796875e+02
2.756075744628906250e+02 2.201343231201171875e+02
2.768794555664062500e+02 2.567254943847656250e+02
2.374193420410156250e+02 2.826336364746093750e+02
2.546735687255859375e+02 2.880298461914062500e+02
2.768554687500000000e+02 2.923033752441406250e+02
2.967210083007812500e+02 2.875671691894531250e+02
3.120785217285156250e+02 2.801653442382812500e+02
1.693563079833984375e+02 1.671014099121093750e+02
1.832802734375000000e+02 1.387234497070312500e+02
2.172530517578125000e+02 1.305769958496093750e+02
2.457140045166015625e+02 1.668301849365234375e+02
2.235008392333984375e+02 1.879903717041015625e+02
1.913386993408203125e+02 1.891595916748046875e+02
3.100823669433593750e+02 1.635645294189453125e+02
3.250011291503906250e+02 1.294579772949218750e+02
3.542341918945312500e+02 1.246428604125976562e+02
3.736930236816406250e+02 1.536654510498046875e+02
3.617351074218750000e+02 1.747807159423828125e+02
3.373994750976562500e+02 1.784131927490234375e+02
2.318263854980468750e+02 3.532549743652343750e+02
2.428697357177734375e+02 3.419829101562500000e+02
2.595661926269531250e+02 3.328564758300781250e+02
2.804472351074218750e+02 3.296088867187500000e+02
2.982106018066406250e+02 3.280777893066406250e+02
3.142917785644531250e+02 3.314186706542968750e+02
3.183904113769531250e+02 3.529168090820312500e+02
3.073031311035156250e+02 3.656180114746093750e+02
2.949889831542968750e+02 3.724216613769531250e+02
2.850412902832031250e+02 3.799069519042968750e+02
2.668352966308593750e+02 3.708652954101562500e+02
2.515571136474609375e+02 3.634839172363281250e+02
2.487586212158203125e+02 3.517841796875000000e+02
2.648919982910156250e+02 3.490413208007812500e+02
2.828588256835937500e+02 3.471659851074218750e+02
2.990656738281250000e+02 3.451941223144531250e+02
3.086927795410156250e+02 3.504047546386718750e+02
2.951282348632812500e+02 3.574105529785156250e+02
2.794975280761718750e+02 3.620025939941406250e+02
2.600238342285156250e+02 3.588984375000000000e+02
