9.100980377197265625e+01 2.293178405761718750e+02
1.015924606323242188e+02 2.751486206054687500e+02
1.140033798217773438e+02 3.190257873535156250e+02
1.337405548095703125e+02 3.519315490722656250e+02
1.530800781250000000e+02 3.923091430664062500e+02
1.772992095947265625e+02 4.239024047851562500e+02
2.055558319091796875e+02 4.500617675781250000e+02
2.382304992675781250e+02 4.823748168945312500e+02
2.764296569824218750e+02 4.980848693847656250e+02
3.196752624511718750e+02 4.753103332519531250e+02
3.428142089843750000e+02 4.387208557128906250e+02
3.752738647460937500e+02 4.038197631835937500e+02
3.975133972167968750e+02 3.657173156738281250e+02
4.057274780273437500e+02 3.274859008789062500e+02
4.124175720214843750e+02 2.814287109375000000e+02
4.156239624023437500e+02 2.370385589599609375e+02
4.102353820800781250e+02 1.950298156738281250e+02
1.307924041748046875e+02 1.831506042480468750e+02
1.432359924316406250e+02 1.568591003417968750e+02
1.629312286376953125e+02 1.436195983886718750e+02
1.867045898437500000e+02 1.389111480712890625e+02
2.150287780761718750e+02 1.448008422851562500e+02
2.892474365234375000e+02 1.464749603271484375e+02
3.099762268066406250e+02 1.287575683593750000e+02
3.355839233398437500e+02 1.199765472412109375e+02
3.577001342773437500e+02 1.292704772949218750e+02
3.760037536621093750e+02 1.541682434082031250e+02
2.583193969726562500e+02 2.218194274902343750e+02
2.604917907714843750e+02 2.506354217529296875e+02
2.633246154785156250e+02 2.794178161621093750e+02
2.661495971679687500e+02 3.142778015136718750e+02
2.254513092041015625e+02 3.347011413574218750e+02
2.412180328369140625e+02 3.381389770507812500e+02
2.662718200683593750e+02 3.459524841308593750e+02
2.871455688476562500e+02 3.361291198730468750e+02
3.041144104003906250e+02 3.278428039550781250e+02
1.503743438720703125e+02 2.388803863525390625e+02
1.654479217529296875e+02 2.174813232421875000e+02
1.985103759765625000e+02 2.095818176269531250e+02
2.268244781494140625e+02 2.295262145996093750e+02
2.063406066894531250e+02 2.522012176513671875e+02
1.726034088134765625e+02 2.556910400390625000e+02
2.827349243164062500e+02 2.268815002441406250e+02
3.063396606445312500e+02 2.004555358886718750e+02
3.362860412597656250e+02 1.983802032470703125e+02
3.624646301269531250e+02 2.194263153076171875e+02
3.437302551269531250e+02 2.396203918457031250e+02
3.126793823242187500e+02 2.409993591308593750e+02
2.137200927734375000e+02 3.978296203613281250e+02
2.259175109863281250e+02 3.873735351562500000e+02
2.453005828857421875e+02 3.783869934082031250e+02
2.699032897949218750e+02 3.768118286132812500e+02
2.905308837890625000e+02 3.715647888183593750e+02
3.124336242675781250e+02 3.708995971679687500e+02
3.303093261718750000e+02 3.845251770019531250e+02
3.200187683105468750e+02 4.036103515625000000e+02
3.024224548339843750e+02 4.233874816894531250e+02
2.771910095214843750e+02 4.375209350585937500e+02
2.491723175048828125e+02 4.298744506835937500e+02
2.285008544921875000e+02 4.144690551757812500e+02
2.292032928466796875e+02 3.967006225585937500e+02
2.486765289306640625e+02 3.924359436035156250e+02
2.747414855957031250e+02 3.915744934082031250e+02
2.983642272949218750e+02 3.867746276855468750e+02
3.192540588378906250e+02 3.919084472656250000e+02
3.052418823242187500e+02 4.045610656738281250e+02
2.761235656738281250e+02 4.162075195312500000e+02
2.456304931640625000e+02 4.100651855468750000e+02
