56 156
61 213
68 269
81 322
107 368
143 403
183 429
223 446
259 448
288 436
309 409
329 378
346 343
358 305
368 267
376 227
379 185
103 141
129 118
165 111
201 114
235 125
290 133
316 125
334 126
357 133
373 147
265 179
266 206
267 232
268 259
251 279
259 285
268 290
277 286
285 282
143 179
163 168
190 169
212 186
188 194
161 194
290 190
309 178
332 181
351 194
332 204
309 201
195 346
226 325
255 314
270 319
285 316
302 327
312 349
298 372
281 381
266 383
249 381
222 372
207 345
254 334
269 334
283 334
302 348
282 355
267 357
252 356
