61 131
63 196
70 262
85 324
111 378
144 422
180 459
219 481
257 478
290 457
306 413
335 372
358 327
376 279
388 227
393 173
392 119
114 149
141 138
172 142
203 151
234 164
280 159
312 146
340 136
367 125
394 122
257 181
259 215
260 249
262 283
220 300
240 305
262 309
282 296
298 281
146 172
167 165
194 167
214 183
191 190
164 188
298 174
317 155
340 150
357 156
348 174
324 179
184 373
209 353
235 341
252 341
268 332
309 295
310 338
299 374
281 394
263 402
245 405
216 399
195 372
237 355
254 352
284 342
294 343
276 371
259 379
242 382
