69 183
73 250
74 279
63 317
89 373
124 413
157 446
203 473
262 485
327 474
375 440
412 402
438 363
452 314
445 274
447 235
452 181
115 146
135 125
164 120
209 126
224 138
280 145
310 130
334 127
359 127
388 144
249 184
249 209
249 231
249 258
211 265
230 271
251 278
270 273
293 266
146 194
166 172
196 171
209 197
194 201
170 204
302 196
318 172
341 166
359 194
347 202
320 201
151 296
174 292
201 291
248 300
284 293
318 291
348 292
322 345
278 401
257 401
238 404
200 356
164 301
200 300
248 314
287 307
336 298
306 352
257 391
218 368
