17 136
21 193
31 249
52 300
87 344
132 377
180 403
225 422
267 425
304 416
338 394
372 370
403 340
427 304
442 262
452 217
456 170
81 110
112 80
156 75
200 88
235 114
272 121
312 84
362 76
403 87
436 115
255 163
255 199
255 235
255 272
225 291
241 298
258 303
276 294
291 283
120 164
146 154
179 158
206 177
176 183
143 180
291 183
320 170
350 174
373 188
349 199
319 196
211 355
229 343
246 336
259 339
273 335
297 340
325 348
301 362
280 367
264 368
251 368
233 365
220 354
248 349
260 350
275 348
315 349
276 348
261 350
249 349
