117 177
120 221
128 264
148 304
169 343
185 382
204 418
231 446
262 451
294 441
322 414
350 381
377 345
401 304
417 258
427 209
431 158
120 134
132 110
158 100
186 102
212 113
266 117
293 99
325 92
358 101
384 123
253 179
251 212
247 245
244 278
227 297
239 298
250 300
264 299
278 299
156 173
174 160
197 162
220 180
196 182
173 181
283 178
301 161
325 160
348 171
328 179
305 181
211 351
223 339
237 333
244 335
253 332
272 338
292 347
274 360
257 364
248 365
239 365
225 362
217 350
237 343
245 343
254 342
285 347
255 353
246 353
238 353
