181 167
170 205
157 250
152 294
150 336
150 373
154 406
176 430
209 438
248 436
287 422
323 402
354 375
377 338
391 292
400 243
405 195
211 84
223 83
232 89
240 99
245 111
274 124
294 122
312 121
326 120
342 126
247 138
227 182
205 225
183 269
178 282
184 287
191 292
206 288
221 286
194 137
201 134
212 137
220 156
205 152
197 145
276 180
290 170
306 171
316 179
306 187
291 187
170 342
175 325
186 315
191 317
197 315
213 324
227 339
213 349
198 354
191 355
185 355
176 351
176 340
186 331
191 331
197 331
221 338
197 339
191 339
186 339
