111 162
98 198
112 254
105 277
112 318
145 344
180 366
204 394
228 418
294 414
325 375
369 348
404 314
399 277
414 235
419 205
417 170
125 123
154 115
179 124
200 137
220 155
292 157
317 145
343 131
366 123
387 133
257 179
256 212
254 238
251 267
227 283
237 286
251 296
264 291
277 284
149 181
169 170
194 174
215 197
192 198
167 192
298 198
311 182
339 178
358 194
344 203
319 204
160 294
190 291
217 287
252 299
282 288
323 293
344 296
334 315
303 338
272 341
217 344
186 323
168 297
217 299
253 308
291 296
341 297
307 329
269 326
197 326
