86 156
87 201
95 244
101 284
125 314
156 336
188 351
218 365
249 368
279 363
310 346
355 327
374 296
388 261
401 224
411 183
415 140
114 113
136 81
151 85
186 96
211 119
291 123
317 103
350 95
383 105
404 131
253 174
252 200
252 226
252 252
226 274
239 278
251 281
263 278
274 274
123 171
146 155
178 158
205 184
175 190
142 188
295 189
318 160
349 156
372 173
356 191
326 195
196 314
218 307
237 302
250 306
264 302
283 306
303 312
283 329
265 336
249 338
235 337
217 331
205 315
237 315
250 317
264 315
294 314
264 317
249 319
236 317
