133 179
117 209
115 247
107 282
110 327
139 362
171 396
201 436
245 465
297 451
339 418
384 391
437 347
434 306
422 260
443 215
426 173
121 131
145 118
170 120
191 129
217 140
302 154
323 143
351 140
372 138
392 154
254 189
253 227
252 263
252 301
220 301
242 319
257 326
277 325
306 306
148 175
161 165
190 167
208 184
189 184
163 185
307 190
317 177
349 174
371 188
357 192
328 192
164 332
195 325
223 334
261 345
291 334
330 329
372 327
340 367
312 390
276 396
227 393
193 372
188 348
223 358
258 364
295 362
347 352
298 359
260 365
225 361
