141 246
142 277
144 307
149 337
157 368
171 394
190 416
216 431
245 437
273 431
302 415
326 395
344 368
354 338
359 306
362 275
365 243
154 208
167 193
187 185
208 188
227 198
266 198
287 189
308 187
329 194
343 209
246 223
246 238
245 253
244 268
229 292
237 293
245 294
253 293
262 291
177 231
188 222
204 222
218 233
203 237
188 237
277 233
290 222
306 222
319 232
307 237
292 237
198 336
214 320
232 314
245 317
258 315
277 321
295 337
277 364
258 374
244 375
230 373
212 362
205 336
232 325
245 326
258 326
288 338
258 360
244 362
231 360
