134 251
137 285
141 319
150 351
164 380
184 404
210 422
241 434
271 438
299 431
323 412
342 389
355 363
362 333
367 303
370 274
373 244
169 207
187 194
208 185
231 187
252 197
293 200
310 189
330 187
348 193
360 207
274 223
276 238
278 254
280 269
258 292
269 294
278 296
286 295
293 293
198 231
211 222
227 223
241 233
226 237
211 237
298 234
312 223
328 222
340 231
328 238
313 237
221 338
242 322
261 317
275 318
287 317
303 323
316 340
304 365
287 375
274 376
261 373
240 364
228 338
262 326
275 327
286 327
309 342
286 362
274 363
261 361
