133 249
133 279
135 309
137 340
142 370
159 393
184 410
213 423
246 428
281 425
313 415
344 400
364 377
371 346
374 314
378 281
380 248
147 213
161 199
182 193
203 194
224 202
265 199
289 190
314 189
339 198
355 215
244 223
243 239
242 255
241 273
220 289
231 293
243 296
256 293
269 290
174 232
186 224
201 224
216 233
201 233
187 234
278 232
292 223
307 223
322 232
307 233
292 232
184 328
205 317
228 314
245 316
262 314
286 318
310 329
288 354
263 363
244 365
226 363
203 353
191 330
228 322
245 324
262 322
303 330
262 350
245 352
227 350
