130 252
132 285
134 317
139 351
149 379
172 401
203 414
238 425
271 428
302 424
329 413
353 396
368 374
375 345
379 314
382 283
385 251
160 215
177 200
201 192
226 193
249 202
291 199
313 190
337 189
359 198
371 217
271 223
272 239
274 255
275 272
248 289
261 292
274 296
286 293
296 290
192 232
206 224
221 224
235 232
221 233
207 233
298 232
312 223
327 223
340 232
327 232
313 233
203 330
228 317
254 314
272 317
289 314
311 318
330 330
312 355
290 365
272 366
253 364
226 355
209 330
254 322
272 324
289 323
323 330
289 352
272 353
253 352
