155 236
155 265
158 293
164 321
176 348
193 372
212 396
234 418
260 427
288 421
316 403
342 381
366 356
381 327
388 294
392 262
393 229
164 203
176 188
195 184
215 188
232 198
282 199
304 189
328 184
351 189
368 204
258 227
256 245
254 261
253 279
231 294
243 297
256 300
269 298
282 295
185 230
199 224
216 225
230 236
215 239
198 239
293 236
310 226
327 225
341 231
329 239
311 240
212 334
226 326
244 322
255 326
267 323
289 330
309 339
291 369
270 379
256 380
243 378
225 365
220 337
245 338
255 340
268 339
300 342
268 357
255 357
244 355
