151 235
148 262
149 289
156 315
167 341
182 366
197 391
215 414
239 425
268 420
298 405
327 385
353 361
372 332
381 299
386 264
388 230
151 202
161 189
178 185
194 189
210 198
258 199
281 190
306 185
331 191
350 205
233 229
231 245
227 262
224 279
208 294
219 298
230 301
244 298
258 296
170 231
182 224
198 225
212 236
196 239
180 238
273 237
288 226
305 224
320 231
307 240
289 240
195 334
205 326
220 322
231 326
243 323
266 330
290 340
268 367
245 377
231 377
219 374
204 361
203 336
221 336
231 339
243 338
281 341
243 356
231 357
220 353
