138 238
139 269
142 299
146 327
155 356
170 381
191 402
216 417
245 422
274 418
305 406
331 387
350 363
361 334
367 303
371 271
374 238
151 205
167 194
188 193
209 197
228 206
266 206
287 197
309 194
332 195
349 207
246 228
245 247
244 267
243 287
226 299
235 303
245 306
255 303
264 300
174 229
186 222
202 222
216 233
200 235
185 234
279 234
293 222
309 222
323 231
310 236
295 236
194 334
211 326
230 323
244 325
258 323
278 327
298 336
280 361
259 371
243 373
228 371
208 361
201 335
230 334
244 335
258 334
290 337
258 353
243 355
229 353
