143 237
146 269
149 300
153 330
164 358
183 381
208 402
238 416
267 422
296 417
323 400
344 379
360 353
369 324
374 295
377 266
379 236
171 206
191 194
213 193
235 196
257 206
293 207
312 198
332 194
353 195
368 207
275 227
276 247
277 267
278 287
255 298
265 302
275 306
285 303
294 300
196 229
210 222
227 222
240 232
225 234
209 234
302 234
316 223
332 223
345 231
333 236
318 236
217 333
238 325
259 322
272 324
285 323
302 328
319 338
303 362
285 371
271 372
256 370
235 360
224 334
258 333
272 334
284 334
310 340
284 352
271 353
257 352
