138 227
141 258
146 289
152 320
162 348
179 371
200 388
223 403
250 408
278 402
307 389
334 372
355 349
368 319
376 288
382 255
384 220
152 204
165 190
184 184
204 186
224 193
262 192
283 183
306 181
328 186
346 198
243 225
242 244
241 263
241 282
224 300
234 301
244 302
254 301
265 299
176 229
188 221
203 222
216 233
202 235
187 234
277 232
289 221
305 220
320 226
307 233
291 234
210 343
222 332
234 325
244 328
252 324
266 331
282 342
267 355
253 359
243 360
233 360
221 356
216 342
234 337
244 337
253 337
275 341
253 343
244 344
234 343
