133 226
138 260
144 292
152 323
165 352
186 373
212 389
240 403
268 408
295 402
319 388
342 370
359 346
368 318
374 287
379 255
381 223
163 205
178 190
201 183
224 185
246 193
284 191
304 182
326 181
346 187
360 201
266 225
267 244
268 263
269 282
246 300
258 302
269 302
279 301
288 299
190 229
204 221
221 221
233 233
219 236
203 235
295 233
308 221
324 220
337 228
325 234
310 235
229 344
245 332
259 326
268 328
278 325
290 332
304 343
291 354
279 359
268 360
258 360
244 357
236 343
259 338
268 338
278 337
296 342
278 344
268 345
258 344
