143 236
142 266
146 297
150 327
157 357
169 383
190 404
215 418
244 423
275 419
305 405
331 385
349 360
360 330
368 300
373 269
374 238
157 202
171 191
190 187
210 191
228 200
267 202
286 193
307 190
328 193
346 204
248 222
248 243
248 265
248 287
227 302
237 306
248 310
260 307
270 303
175 225
188 217
204 217
218 228
202 231
187 231
280 230
294 218
311 219
324 227
311 232
295 232
199 339
218 332
236 329
247 332
259 329
277 334
296 340
277 356
258 362
246 364
233 362
216 355
206 340
235 340
247 342
258 341
288 342
258 346
246 347
234 346
