143 242
144 273
147 304
153 335
163 365
180 388
205 406
234 419
265 423
295 417
321 401
342 380
355 354
361 325
366 296
370 267
370 239
170 203
188 192
209 187
231 189
251 198
292 201
308 193
327 190
345 193
358 206
274 222
275 242
276 264
277 286
251 301
263 305
274 308
285 306
295 302
193 225
207 216
224 216
238 229
223 230
206 230
299 230
314 218
330 217
342 227
330 233
314 232
218 338
239 332
259 328
272 332
284 329
299 334
315 340
299 355
283 361
271 362
258 361
238 354
225 339
259 339
272 341
284 339
307 342
283 344
272 346
258 345
