146 240
148 273
151 306
156 338
167 367
185 390
210 411
238 428
269 435
299 428
325 407
347 383
363 356
371 326
375 294
378 264
377 233
167 208
184 194
205 189
227 191
247 202
296 204
315 194
335 190
355 193
368 208
272 227
272 245
272 265
272 284
250 297
260 300
272 304
282 300
292 297
195 231
209 223
224 224
237 234
222 237
207 236
302 234
315 224
330 223
342 231
332 237
317 237
210 332
234 326
256 324
271 327
285 325
306 327
326 331
307 362
286 372
270 374
254 371
231 361
218 333
256 335
271 338
285 336
319 334
285 356
270 357
254 355
