133 241
136 272
140 304
146 334
157 362
173 385
194 406
217 425
245 434
275 429
306 412
333 390
354 365
366 333
371 299
375 264
377 230
143 208
157 194
177 189
198 192
217 203
264 205
284 194
307 190
329 194
348 208
239 228
238 246
237 265
236 284
220 296
228 299
239 303
250 300
261 298
172 232
184 224
199 224
211 234
197 237
183 237
276 234
288 225
304 224
318 231
305 238
290 238
189 333
207 326
227 324
242 327
256 324
280 328
304 332
283 361
258 372
242 373
225 371
205 360
196 335
226 335
242 337
256 335
297 334
257 357
242 358
226 356
