148 235
146 267
147 301
151 334
162 364
182 389
209 408
239 424
270 428
299 421
322 401
341 379
355 353
364 324
371 296
374 266
372 238
180 201
199 192
220 190
241 192
260 201
301 203
318 195
338 192
356 194
368 206
278 229
278 249
277 269
278 289
251 300
263 304
276 309
287 305
298 301
201 227
215 219
231 220
244 233
229 235
213 234
305 233
318 221
334 219
346 228
335 235
320 235
210 334
236 326
259 324
274 326
287 324
307 327
326 334
307 360
288 372
273 374
257 372
234 361
217 335
259 334
273 335
287 334
318 336
288 355
273 357
258 356
