135 238
133 268
133 301
138 332
148 361
164 385
186 405
212 423
242 429
272 424
300 408
324 388
341 363
353 335
359 305
364 274
363 243
156 202
171 192
191 190
210 191
229 198
271 203
290 194
311 192
331 195
346 207
246 227
244 247
243 268
241 290
220 300
230 304
242 309
255 305
267 301
173 226
188 218
203 219
216 232
201 234
185 233
280 232
293 220
309 219
322 228
310 234
295 235
187 334
208 326
229 324
244 327
259 324
281 327
303 335
282 361
260 372
243 374
227 372
206 360
194 335
229 334
243 336
259 335
296 336
259 356
244 357
228 355
