142 243
140 273
141 303
147 334
158 361
176 384
196 405
220 425
246 430
274 424
301 407
330 387
355 364
372 335
380 303
384 270
385 236
151 204
161 189
179 184
198 185
218 191
262 191
286 183
310 179
334 185
352 199
239 229
237 247
235 262
233 279
210 300
222 302
235 304
250 301
265 299
171 234
184 227
200 228
214 238
199 239
183 239
277 236
291 226
307 226
321 234
307 237
292 238
192 341
208 327
226 320
239 321
254 320
277 325
299 337
280 359
258 369
241 371
227 370
208 361
199 341
225 333
239 333
254 331
292 338
257 353
242 355
227 353
