147 242
147 275
149 308
154 340
167 368
188 391
212 410
239 427
267 431
294 424
319 404
342 384
363 360
375 332
381 303
383 273
383 243
168 206
181 191
201 184
223 184
243 192
289 191
311 184
333 184
354 193
365 210
267 228
266 246
266 263
265 281
238 300
252 302
266 305
279 301
292 299
191 234
205 226
221 227
235 237
220 239
204 239
299 236
313 226
328 226
341 234
328 238
314 238
209 342
230 327
251 322
266 324
281 321
301 326
320 338
303 359
283 369
267 372
251 370
230 362
217 342
251 334
266 335
281 333
312 339
282 351
267 354
252 352
