133 231
138 266
141 299
145 332
156 362
176 384
205 402
236 417
265 423
293 419
320 405
346 387
364 364
375 335
382 304
387 271
392 238
166 202
181 189
202 185
223 189
244 196
295 197
317 190
339 188
360 194
372 210
272 226
272 243
272 259
272 277
248 294
260 296
271 300
281 298
292 296
193 229
208 223
225 223
238 232
223 235
207 235
303 234
317 226
333 226
345 234
333 238
318 238
216 333
236 324
258 319
271 323
284 320
302 325
320 335
303 360
285 369
270 370
255 369
234 360
223 334
257 330
270 332
283 331
313 336
284 353
271 355
257 353
