127 231
129 263
131 296
134 327
142 356
159 378
182 398
207 414
235 422
266 418
298 407
328 390
351 369
363 340
371 307
378 274
384 239
143 201
154 189
173 185
193 189
213 196
262 197
288 190
312 188
335 195
351 211
239 225
238 243
236 259
234 276
216 293
226 296
236 299
247 297
259 296
169 229
182 222
198 223
211 233
196 236
181 235
276 235
289 226
305 226
319 234
305 239
290 238
190 334
205 324
224 319
237 323
251 320
273 326
294 336
274 363
251 372
236 372
221 370
203 360
196 336
224 330
237 332
251 331
288 337
251 356
237 357
223 354
