134 226
136 259
139 292
146 323
160 352
183 375
211 392
242 407
271 411
296 404
315 383
333 361
347 336
355 310
362 283
366 256
367 229
175 207
196 200
218 199
240 204
263 211
297 212
315 204
332 200
350 198
365 205
280 233
282 252
284 273
286 292
262 305
272 308
282 311
290 308
298 304
202 230
216 221
233 221
245 235
230 238
214 238
300 234
312 221
329 219
341 227
331 236
315 237
235 346
253 338
270 332
281 335
289 331
300 335
309 342
301 361
290 369
280 371
269 371
252 365
244 347
270 341
280 341
288 340
301 344
289 350
281 353
270 352
