129 225
131 257
137 290
143 321
154 349
174 372
198 391
226 407
254 411
280 404
304 384
327 364
342 339
350 311
355 282
360 253
362 223
153 207
173 200
194 200
216 205
238 212
273 212
293 204
313 200
334 198
351 206
255 231
255 252
256 273
256 293
237 305
246 308
256 310
265 308
273 304
180 230
193 221
211 222
224 235
209 238
192 237
281 234
293 220
310 219
324 227
313 236
296 237
213 345
229 338
246 331
256 334
265 330
278 335
290 343
280 361
267 368
256 370
245 370
228 363
222 347
246 341
256 341
265 340
281 344
266 350
256 351
246 351
