141 233
143 268
147 301
153 335
166 364
186 390
210 412
237 430
265 437
294 431
318 412
340 390
357 366
369 336
374 305
379 273
383 241
164 204
180 189
203 184
227 188
250 199
302 201
323 191
344 189
364 194
376 210
275 229
275 248
276 266
276 285
250 299
261 302
274 305
286 302
297 299
195 228
209 221
226 221
239 232
224 234
208 234
305 234
319 223
335 223
348 231
336 236
320 236
212 336
234 326
258 323
273 327
288 323
309 326
327 335
310 364
288 377
271 379
254 378
230 365
220 337
257 334
273 336
288 334
320 336
288 361
272 364
256 362
